0 579 1015 0 2057 1911 522 611 1660 449 373 1020 513 2582 6 1024 627 3018 1889 1221 592 499 3 110 613 332 0 595 566 1075 172 0 923 0 0 705 0 0 0 0 892 0 335 517 628 346 1733 0 0 0 0 0 0 523 501 998 162 0 606 263 917 454 322 0 0 0 1186 0 438 167 360 1381 480 0 0 66 328 0 0 457 134 432 566 9 0 749 376 874 131 264
579 0 563 1 562 484 98 447 588 112 171 439 268 559 0 465 200 857 740 631 160 269 0 0 352 109 0 201 352 682 260 0 94 0 0 95 0 0 0 0 343 0 239 376 338 196 294 0 0 0 0 0 0 214 606 565 210 0 337 72 450 92 404 0 0 0 503 0 89 251 0 527 127 0 0 101 176 0 0 92 64 168 423 14 0 242 75 252 224 38
1015 563 0 0 731 808 345 570 515 368 635 630 464 1079 0 1413 353 1108 1151 1008 395 503 0 6 383 192 0 386 362 945 219 0 183 0 0 376 0 0 0 0 607 0 519 641 458 343 578 0 0 0 0 0 0 466 871 920 275 0 559 127 628 305 641 0 0 0 848 0 218 381 5 756 226 0 0 108 2350 0 0 154 133 272 775 47 0 542 325 384 375 95
0 1 0 0 0 0 1 0 1 0 0 0 1 0 41 0 2 0 0 2 12 1 1 0 0 0 0 0 0 0 0 0 0 0 0 0 0 0 0 0 0 0 0 0 0 0 0 0 0 0 0 0 0 0 0 0 0 0 0 0 0 0 0 0 0 0 0 0 0 0 0 0 0 0 0 0 0 0 0 0 0 0 0 0 0 0 0 0 0 0
2057 562 731 0 0 908 182 721 766 255 286 970 355 1232 2 788 394 3935 1574 984 426 375 0 33 226 259 0 356 331 908 293 0 247 0 0 260 0 0 0 0 513 0 365 557 503 303 684 0 0 0 0 0 0 298 917 735 311 0 554 143 578 209 469 0 0 0 741 0 199 305 108 809 168 0 0 67 277 0 0 231 53 239 516 41 0 514 229 393 342 146
1911 484 808 0 908 0 440 674 961 491 381 1290 639 2290 1 924 552 1663 1649 1128 587 540 3 46 346 257 0 588 502 1367 225 0 649 0 0 466 0 0 0 0 937 0 609 644 473 335 1837 0 0 0 0 0 0 593 777 1364 324 0 568 196 739 299 658 0 0 0 1541 0 377 341 347 1563 550 0 0 60 227 0 2 455 75 376 897 62 0 712 241 516 419 46
522 98 345 1 182 440 0 121 176 69 1520 332 102 499 0 183 111 411 393 354 261 191 1 16 133 166 0 103 384 301 284 1 103 0 0 85 0 0 0 0 205 0 171 264 132 62 249 0 0 0 0 0 0 123 153 321 91 0 133 77 150 51 133 0 0 0 295 0 221 97 96 600 81 0 0 179 107 0 0 140 34 51 157 8 0 163 53 171 119 18
611 447 570 0 721 674 121 0 500 0 366 717 184 363 1 501 275 947 879 701 409 209 0 0 0 194 0 181 223 864 309 0 114 0 0 6 0 0 0 0 331 0 562 514 304 172 0 0 0 0 0 0 0 11 678 596 368 0 250 38 371 29 718 0 0 0 672 0 47 500 0 506 19 0 0 39 133 0 3 73 59 0 640 60 0 13 105 50 399 104
1660 588 515 1 766 961 176 500 0 80 246 903 234 1058 1 819 465 1457 1374 732 349 161 0 19 193 147 0 377 633 871 281 0 585 0 0 88 0 0 0 0 745 0 338 296 401 153 760 0 0 0 0 0 0 139 560 606 368 0 122 105 641 119 426 0 0 0 817 0 227 30 152 759 51 0 0 86 178 0 0 333 45 71 335 39 0 319 179 355 280 195
449 112 368 0 255 491 69 0 80 0 108 189 238 678 0 224 105 353 504 406 174 190 0 0 219 69 0 129 99 354 15 0 28 0 0 624 0 0 0 0 154 0 495 586 132 162 545 0 0 0 0 0 0 293 328 429 7 0 263 97 185 378 253 0 0 0 490 0 113 229 0 439 198 0 0 27 231 0 0 59 2 132 631 0 0 408 117 155 62 0
373 171 635 0 286 381 1520 366 246 108 0 295 158 411 0 309 117 483 546 567 412 237 0 0 85 150 0 136 236 412 190 0 68 0 0 113 0 0 0 0 168 0 282 422 118 94 146 0 0 0 0 0 0 141 340 347 213 0 159 29 176 50 269 0 0 0 301 0 118 215 0 292 49 0 0 97 115 0 0 34 38 55 316 15 0 98 108 104 177 46
1020 439 630 0 970 1290 332 717 903 189 295 0 343 1618 3 919 507 1545 1770 915 386 407 0 55 224 290 0 480 502 1018 261 0 385 0 0 247 0 0 0 0 672 0 511 629 497 243 885 0 0 0 0 0 0 229 747 964 267 0 452 142 587 221 650 0 0 0 1122 0 282 325 219 1089 138 0 0 93 243 0 0 375 91 242 603 39 0 462 288 383 433 68
513 268 464 1 355 639 102 184 234 238 158 343 0 615 1 308 196 413 486 487 216 224 0 6 254 83 0 199 167 470 103 0 138 0 0 240 0 0 0 0 324 0 258 314 233 232 365 0 0 0 0 0 0 286 373 443 142 0 240 74 271 168 270 0 0 0 510 0 88 147 45 402 256 0 0 91 158 0 0 62 12 158 349 36 0 312 127 158 154 10
2582 559 1079 0 1232 2290 499 363 1058 678 411 1618 615 0 0 1274 666 2132 2229 1259 486 702 3 45 641 342 0 697 512 1360 102 0 605 0 0 777 0 0 0 0 923 0 410 660 660 295 2074 0 0 0 0 0 0 816 790 1580 61 0 791 303 774 499 289 0 0 0 1297 0 555 246 412 1967 467 0 0 83 433 0 1 610 3 528 817 5 0 1098 416 919 101 139
6 0 0 41 2 1 0 1 1 0 0 3 1 0 0 24 14 0 2 1 1 0 0 0 0 49 586 0 3 0 0 949 0 523 0 0 527 0 769 766 0 404 1 0 0 0 0 379 203 564 936 0 100 0 0 20 0 0 0 862 0 0 0 876 632 0 0 7 0 0 0 41 0 450 772 0 0 0 2659 0 0 0 0 4 1704 0 0 0 0 0
1024 465 1413 0 788 924 183 501 819 224 309 919 308 1274 24 0 494 1333 1266 830 286 336 0 44 263 239 0 444 470 854 152 0 337 0 0 228 0 0 0 0 643 0 332 499 386 273 746 0 0 0 0 0 0 362 676 782 258 0 331 146 601 172 323 0 0 0 800 0 278 276 185 1063 190 0 0 134 360 0 1 309 63 205 466 17 0 470 173 377 291 38
627 200 353 2 394 552 111 275 465 105 117 507 196 666 14 494 0 735 686 451 214 200 2 9 172 167 0 181 721 522 187 6 221 6 0 114 4 0 9 8 428 0 188 272 238 169 458 1 1 3 21 0 5 177 344 382 140 0 190 91 428 86 156 13 7 0 410 0 157 107 97 478 93 1 9 49 163 0 20 126 19 91 250 17 29 225 133 206 143 30
3018 857 1108 0 3935 1663 411 947 1457 353 483 1545 413 2132 0 1333 735 0 2463 1702 464 514 0 122 482 559 0 616 1045 1953 453 0 709 0 0 299 0 0 0 0 1144 0 709 930 1075 436 1521 0 0 0 0 0 0 453 1304 1681 492 0 724 281 1343 177 648 0 0 0 1816 0 502 556 239 1777 198 0 0 163 458 0 6 678 99 319 809 34 0 828 309 882 593 99
1889 740 1151 0 1574 1649 393 879 1374 504 546 1770 486 2229 2 1266 686 2463 0 1822 591 774 0 69 444 452 0 655 818 1652 480 0 554 0 0 532 0 0 0 0 1185 0 798 1087 826 401 1564 0 0 0 0 0 0 564 1519 1690 526 0 853 229 1024 442 800 0 0 0 1627 0 613 544 233 1557 234 0 0 194 501 0 1 588 125 501 1093 71 0 835 529 993 575 143
1221 631 1008 2 984 1128 354 701 732 406 567 915 487 1259 1 830 451 1702 1822 0 593 1177 1 9 600 709 0 475 1031 1337 872 0 319 0 0 463 0 0 0 0 674 0 915 1198 645 520 608 0 0 0 0 0 0 489 1128 1060 458 0 661 150 798 347 684 0 0 0 1156 0 514 686 44 1293 237 0 0 414 405 0 0 226 77 314 976 68 0 497 375 436 571 73
592 160 395 12 426 587 261 409 349 174 412 386 216 486 1 286 214 464 591 593 0 306 0 3 114 236 0 182 310 641 309 0 115 0 0 190 0 0 0 0 284 0 359 415 209 163 202 0 0 0 0 0 0 134 459 396 204 0 230 49 308 142 394 0 0 0 452 0 173 244 46 367 119 0 0 177 131 0 1 65 110 80 472 31 0 163 134 155 263 50
499 269 503 1 375 540 191 209 161 190 237 407 224 702 0 336 200 514 774 1177 306 0 2 0 314 141 0 157 339 592 157 0 101 0 0 298 0 0 0 0 334 0 344 507 278 241 462 0 0 0 0 0 0 360 513 559 122 0 432 71 204 160 256 0 0 0 436 0 263 380 7 660 144 0 0 167 345 0 0 89 21 215 369 12 0 308 104 219 154 1
3 0 0 1 0 3 1 0 0 0 0 0 0 3 0 0 2 0 0 1 0 2 0 0 0 0 0 0 0 0 0 1 2 0 0 0 0 0 0 1 1 0 1 0 0 0 1 0 0 0 0 0 0 0 0 2 0 0 0 0 0 0 0 0 0 0 0 0 1 0 0 0 0 0 0 0 0 0 0 1 0 0 0 0 0 3 0 1 0 0
110 0 6 0 33 46 16 0 19 0 0 55 6 45 0 44 9 122 69 9 3 0 0 0 0 13 0 12 46 18 0 0 20 0 0 0 0 0 0 0 34 0 0 0 23 0 82 0 0 0 0 0 0 28 0 20 0 0 0 3 37 0 0 0 0 0 26 0 12 0 17 27 13 0 0 5 0 0 0 22 0 10 0 0 0 14 2 26 0 0
613 352 383 0 226 346 133 0 193 219 85 224 254 641 0 263 172 482 444 600 114 314 0 0 0 87 0 157 319 354 0 0 93 0 0 294 0 0 0 0 235 0 135 366 359 214 314 0 0 0 0 0 0 265 360 286 0 0 332 51 240 158 157 0 0 0 434 0 241 50 1 534 133 0 0 117 261 0 0 67 0 149 222 0 0 316 175 367 32 0
332 109 192 0 259 257 166 194 147 69 150 290 83 342 49 239 167 559 452 709 236 141 0 13 87 0 25 89 592 374 598 79 102 13 0 45 10 0 22 17 139 20 257 448 188 137 188 6 3 14 10 0 3 90 255 236 172 0 128 41 265 56 141 40 32 0 245 1 236 188 38 360 19 7 5 192 85 0 17 80 50 52 217 20 42 115 73 91 187 64
0 0 0 0 0 0 0 0 0 0 0 0 0 0 586 0 0 0 0 0 0 0 0 0 0 25 0 0 0 0 0 739 0 180 0 0 118 0 124 451 0 118 0 0 0 0 0 85 56 161 720 0 12 0 0 0 0 0 0 111 0 0 0 376 223 0 0 4 0 0 0 0 0 259 113 0 0 0 402 0 0 0 0 0 578 0 0 0 0 0
595 201 386 0 356 588 103 181 377 129 136 480 199 697 0 444 181 616 655 475 182 157 0 12 157 89 0 0 203 644 96 0 184 0 0 143 0 0 0 0 352 0 261 229 178 201 454 0 0 0 0 0 0 301 423 410 154 0 291 39 368 99 230 0 0 0 437 0 129 120 108 432 151 0 0 33 182 0 0 158 52 117 249 10 0 259 131 224 211 20
566 352 362 0 331 502 384 223 633 99 236 502 167 512 3 470 721 1045 818 1031 310 339 0 46 319 592 0 203 0 542 1128 0 278 0 0 100 0 0 0 0 509 0 390 792 226 171 412 0 0 0 0 0 0 131 303 455 213 0 175 77 421 80 258 0 0 0 729 0 844 315 57 1560 81 0 0 613 200 0 3 182 58 82 322 16 0 247 124 262 354 42
1075 682 945 0 908 1367 301 864 871 354 412 1018 470 1360 0 854 522 1953 1652 1337 641 592 0 18 354 374 0 644 542 0 470 0 318 0 0 428 0 0 0 0 730 0 770 886 782 469 717 0 0 0 0 0 0 513 1119 1167 604 0 612 159 933 229 902 0 0 0 1256 0 324 576 166 1230 225 0 0 138 347 0 6 287 180 280 1165 58 0 487 280 402 565 65
172 260 219 0 293 225 284 309 281 15 190 261 103 102 0 152 187 453 480 872 309 157 0 0 0 598 0 96 1128 470 0 0 51 0 0 31 0 0 0 0 156 0 490 616 162 146 0 0 0 0 0 0 0 26 321 178 336 0 104 46 283 29 259 0 0 0 328 0 129 194 0 392 0 0 0 150 71 0 1 17 66 17 254 31 0 38 63 17 344 95
0 0 0 0 0 0 1 0 0 0 0 0 0 0 949 0 6 0 0 0 0 0 1 0 0 79 739 0 0 0 0 0 0 427 0 0 374 0 1307 1479 0 352 0 0 0 0 0 248 556 1278 436 0 77 0 0 0 0 0 0 422 0 0 0 2034 897 0 0 7 0 0 0 0 0 474 215 0 0 0 425 0 0 0 0 7 1458 0 0 0 0 0
923 94 183 0 247 649 103 114 585 28 68 385 138 605 0 337 221 709 554 319 115 101 2 20 93 102 0 184 278 318 51 0 0 0 0 56 0 0 0 0 435 0 144 98 180 104 639 0 0 0 0 0 0 141 219 356 87 0 118 31 496 61 102 0 0 0 524 0 120 82 100 544 143 0 0 25 73 0 0 150 48 95 126 15 0 242 53 170 139 12
0 0 0 0 0 0 0 0 0 0 0 0 0 0 523 0 6 0 0 0 0 0 0 0 0 13 180 0 0 0 0 427 0 0 0 0 1261 0 677 392 0 1374 0 0 0 0 0 1082 82 331 186 0 78 0 0 0 0 0 0 629 2 0 0 404 653 0 0 0 0 0 0 0 0 445 836 0 0 0 1131 0 0 0 0 40 672 0 0 0 0 0
0 0 0 0 0 0 0 0 0 0 0 0 0 0 0 0 0 0 0 0 0 0 0 0 0 0 0 0 0 0 0 0 0 0 0 0 0 0 0 0 0 0 0 0 0 0 0 0 0 0 0 0 0 0 0 0 0 0 0 0 0 0 0 0 0 0 0 0 0 0 0 0 0 0 0 0 0 0 0 0 0 0 0 0 0 0 0 0 0 0
705 95 376 0 260 466 85 6 88 624 113 247 240 777 0 228 114 299 532 463 190 298 0 0 294 45 0 143 100 428 31 0 56 0 0 0 0 0 0 0 247 0 590 682 214 208 510 0 0 0 0 0 0 252 333 682 23 0 349 102 231 529 417 0 0 0 670 0 133 343 0 573 147 0 0 32 181 0 0 34 10 123 1017 4 0 356 116 236 84 0
0 0 0 0 0 0 0 0 0 0 0 0 0 0 527 0 4 0 0 0 0 0 0 0 0 10 118 0 0 0 0 374 0 1261 0 0 0 0 855 386 0 708 0 0 0 0 0 995 161 454 253 0 57 0 0 0 0 0 0 793 0 0 0 336 590 0 0 0 0 0 0 0 0 443 1118 0 0 0 1610 0 0 0 0 0 710 0 0 0 0 0
0 0 0 0 0 0 0 0 0 0 0 0 0 0 0 0 0 0 0 0 0 0 0 0 0 0 0 0 0 0 0 0 0 0 0 0 0 0 0 0 0 0 0 0 0 0 0 0 0 0 0 0 0 0 0 0 0 0 0 0 0 0 0 0 0 0 0 0 0 0 0 0 0 0 0 0 0 0 0 0 0 0 0 0 0 0 0 0 0 0
0 0 0 0 0 0 0 0 0 0 0 0 0 0 769 0 9 0 0 0 0 0 0 0 0 22 124 0 0 0 0 1307 0 677 0 0 855 0 0 649 0 747 0 0 0 0 0 527 158 748 407 0 84 0 0 0 0 0 0 1018 0 0 0 634 819 0 0 1 0 0 0 0 0 389 893 0 0 0 1132 0 0 0 0 0 999 0 0 0 0 0
0 0 0 0 0 0 0 0 0 0 0 0 0 0 766 0 8 0 0 0 0 0 1 0 0 17 451 0 0 0 0 1479 0 392 0 0 386 0 649 0 0 330 1 0 0 0 0 323 759 768 716 0 88 0 0 0 0 0 0 418 0 0 0 913 679 0 0 2 0 0 0 0 0 420 385 0 0 0 469 0 0 0 0 9 1860 0 0 0 0 0
892 343 607 0 513 937 205 331 745 154 168 672 324 923 0 643 428 1144 1185 674 284 334 1 34 235 139 0 352 509 730 156 0 435 0 0 247 0 0 0 0 0 0 382 489 414 230 859 0 0 0 0 0 0 255 623 769 180 0 367 111 551 179 506 0 0 0 883 0 264 197 115 906 184 0 0 80 244 0 1 329 47 375 596 58 0 424 146 395 212 0
0 0 0 0 0 0 0 0 0 0 0 0 0 0 404 0 0 0 0 0 0 0 0 0 0 20 118 0 0 0 0 352 0 1374 0 0 708 0 747 330 0 0 0 0 0 0 0 614 75 336 158 0 46 0 0 0 0 0 0 520 0 0 0 221 429 0 0 0 0 0 0 0 0 326 488 0 0 0 686 0 0 0 0 0 462 0 0 0 0 0
335 239 519 0 365 609 171 562 338 495 282 511 258 410 1 332 188 709 798 915 359 344 1 0 135 257 0 261 390 770 490 0 144 0 0 590 0 0 0 1 382 0 0 1124 326 284 271 0 0 0 0 0 0 187 617 1158 371 0 307 74 415 299 889 0 0 0 1437 1 172 740 0 788 129 0 0 150 226 0 0 58 267 62 1475 128 0 280 66 86 538 0
517 376 641 0 557 644 264 514 296 586 422 629 314 660 0 499 272 930 1087 1198 415 507 0 0 366 448 0 229 792 886 616 0 98 0 0 682 0 0 0 0 489 0 1124 0 585 285 419 0 0 0 0 0 0 327 939 1140 368 0 469 138 359 377 890 0 0 0 1354 0 368 797 0 1105 124 0 0 339 333 0 0 92 61 140 1205 51 0 300 156 230 484 0
628 338 458 0 503 473 132 304 401 132 118 497 233 660 0 386 238 1075 826 645 209 278 0 23 359 188 0 178 226 782 162 0 180 0 0 214 0 0 0 0 414 0 326 585 0 233 312 0 0 0 0 0 0 203 675 789 254 0 329 100 430 167 496 0 0 0 639 0 111 531 72 597 105 0 0 85 281 0 0 130 119 187 613 47 0 239 127 256 208 0
346 196 343 0 303 335 62 172 153 162 94 243 232 295 0 273 169 436 401 520 163 241 0 0 214 137 0 201 171 469 146 0 104 0 0 208 0 0 0 0 230 0 284 285 233 0 177 0 0 0 0 0 0 139 375 375 199 0 235 60 402 114 174 0 0 0 390 0 59 212 4 297 109 0 0 40 203 0 1 68 51 78 405 14 0 245 124 178 206 8
1733 294 578 0 684 1837 249 0 760 545 146 885 365 2074 0 746 458 1521 1564 608 202 462 1 82 314 188 0 454 412 717 0 0 639 0 0 510 0 0 0 0 859 0 271 419 312 177 0 0 0 0 0 0 0 545 469 922 0 0 491 157 584 292 201 0 0 0 1047 0 359 154 274 1467 413 0 0 31 250 0 0 530 0 391 487 7 0 886 186 612 56 0
0 0 0 0 0 0 0 0 0 0 0 0 0 0 379 0 1 0 0 0 0 0 0 0 0 6 85 0 0 0 0 248 0 1082 0 0 995 0 527 323 0 614 0 0 0 0 0 0 122 296 228 0 36 0 0 0 0 0 0 540 0 0 0 292 642 0 0 0 0 0 0 0 0 505 628 0 0 0 858 0 0 0 0 45 560 0 0 0 0 0
0 0 0 0 0 0 0 0 0 0 0 0 0 0 203 0 1 0 0 0 0 0 0 0 0 3 56 0 0 0 0 556 0 82 0 0 161 0 158 759 0 75 0 0 0 0 0 122 0 445 472 0 27 0 0 0 0 0 0 154 0 0 0 330 287 0 0 1 0 0 0 0 0 168 97 0 0 0 178 0 0 0 0 0 844 0 0 0 0 0
0 0 0 0 0 0 0 0 0 0 0 0 0 0 564 0 3 0 0 0 0 0 0 0 0 14 161 0 0 0 0 1278 0 331 0 0 454 0 748 768 0 336 0 0 0 0 0 296 445 0 419 0 68 0 0 0 0 0 0 513 0 0 0 1764 860 0 0 0 0 0 0 0 0 431 425 0 0 0 572 0 0 0 0 0 980 0 0 0 0 0
0 0 0 0 0 0 0 0 0 0 0 0 0 0 936 0 21 0 0 0 0 0 0 0 0 10 720 0 0 0 0 436 0 186 0 0 253 0 407 716 0 158 0 0 0 0 0 228 472 419 0 0 64 0 0 0 0 0 0 671 0 0 0 580 399 0 0 5 0 0 0 0 0 436 510 0 0 0 1037 0 0 0 0 0 1504 0 0 0 0 0
0 0 0 0 0 0 0 0 0 0 0 0 0 0 0 0 0 0 0 0 0 0 0 0 0 0 0 0 0 0 0 0 0 0 0 0 0 0 0 0 0 0 0 0 0 0 0 0 0 0 0 0 0 0 0 0 0 0 0 0 0 0 0 0 0 0 0 0 0 0 0 0 0 0 0 0 0 0 0 0 0 0 0 0 0 0 0 0 0 0
0 0 0 0 0 0 0 0 0 0 0 0 0 0 100 0 5 0 0 0 0 0 0 0 0 3 12 0 0 0 0 77 0 78 0 0 57 0 84 88 0 46 0 0 0 0 0 36 27 68 64 0 0 0 0 0 0 0 0 124 0 0 0 66 73 0 0 0 0 0 0 0 0 51 79 0 0 0 111 0 0 0 0 0 167 0 0 0 0 0
523 214 466 0 298 593 123 11 139 293 141 229 286 816 0 362 177 453 564 489 134 360 0 28 265 90 0 301 131 513 26 0 141 0 0 252 0 0 0 0 255 0 187 327 203 139 545 0 0 0 0 0 0 0 314 445 27 0 331 95 229 189 103 0 0 0 432 0 187 70 78 436 259 0 0 51 241 0 0 128 1 236 302 4 0 348 133 288 69 0
501 606 871 0 917 777 153 678 560 328 340 747 373 790 0 676 344 1304 1519 1128 459 513 0 0 360 255 0 423 303 1119 321 0 219 0 0 333 0 0 0 0 623 0 617 939 675 375 469 0 0 0 0 0 0 314 0 902 459 0 433 176 696 213 634 0 0 0 917 0 234 455 0 696 243 0 0 104 307 0 2 469 193 346 901 102 0 486 243 331 488 2
998 565 920 0 735 1364 321 596 606 429 347 964 443 1580 20 782 382 1681 1690 1060 396 559 2 20 286 236 0 410 455 1167 178 0 356 0 0 682 0 0 0 0 769 0 1158 1140 789 375 922 0 0 0 0 0 0 445 902 0 360 0 530 183 614 353 1118 0 0 0 1859 0 206 804 203 1934 246 0 0 101 364 0 0 313 196 212 1587 43 0 645 206 536 476 0
162 210 275 0 311 324 91 368 368 7 213 267 142 61 0 258 140 492 526 458 204 122 0 0 0 172 0 154 213 604 336 0 87 0 0 23 0 0 0 0 180 0 371 368 254 199 0 0 0 0 0 0 0 27 459 360 0 0 129 34 326 14 440 0 0 0 354 0 90 262 0 273 3 0 0 54 86 0 2 44 88 11 393 26 0 26 62 31 304 10
0 0 0 0 0 0 0 0 0 0 0 0 0 0 0 0 0 0 0 0 0 0 0 0 0 0 0 0 0 0 0 0 0 0 0 0 0 0 0 0 0 0 0 0 0 0 0 0 0 0 0 0 0 0 0 0 0 0 0 0 0 0 0 0 0 0 0 0 0 0 0 0 0 0 0 0 0 0 0 0 0 0 0 0 0 0 0 0 0 0
606 337 559 0 554 568 133 250 122 263 159 452 240 791 0 331 190 724 853 661 230 432 0 0 332 128 0 291 175 612 104 0 118 0 0 349 0 0 0 0 367 0 307 469 329 235 491 0 0 0 0 0 0 331 433 530 129 0 0 62 342 175 368 0 0 0 656 0 127 213 4 451 148 0 0 40 180 0 0 126 1 176 428 4 0 308 167 327 233 0
263 72 127 0 143 196 77 38 105 97 29 142 74 303 862 146 91 281 229 150 49 71 0 3 51 41 111 39 77 159 46 422 31 629 0 102 793 0 1018 418 111 520 74 138 100 60 157 540 154 513 671 0 124 95 176 183 34 0 62 0 95 57 82 488 754 0 188 0 74 71 44 214 42 260 1280 17 54 0 1865 64 3 53 121 0 1092 131 26 92 22 0
917 450 628 0 578 739 150 371 641 185 176 587 271 774 0 601 428 1343 1024 798 308 204 0 37 240 265 0 368 421 933 283 0 496 2 0 231 0 0 0 0 551 0 415 359 430 402 584 0 0 0 0 0 0 229 696 614 326 0 342 95 0 113 476 0 0 0 829 0 198 279 108 750 169 0 0 72 244 0 1 254 218 114 602 22 0 345 167 316 365 4
454 92 305 0 209 299 51 29 119 378 50 221 168 499 0 172 86 177 442 347 142 160 0 0 158 56 0 99 80 229 29 0 61 0 0 529 0 0 0 0 179 0 299 377 167 114 292 0 0 0 0 0 0 189 213 353 14 0 175 57 113 0 253 0 0 0 360 0 75 226 0 322 80 0 0 42 144 0 0 31 23 211 545 25 0 245 176 208 71 0
322 404 641 0 469 658 133 718 426 253 269 650 270 289 0 323 156 648 800 684 394 256 0 0 157 141 0 230 258 902 259 0 102 0 0 417 0 0 0 0 506 0 889 890 496 174 201 0 0 0 0 0 0 103 634 1118 440 0 368 82 476 253 0 0 0 0 1204 0 77 575 0 809 18 0 0 62 189 0 0 59 152 137 1417 27 0 260 78 95 550 0
0 0 0 0 0 0 0 0 0 0 0 0 0 0 876 0 13 0 0 0 0 0 0 0 0 40 376 0 0 0 0 2034 0 404 0 0 336 0 634 913 0 221 0 0 0 0 0 292 330 1764 580 0 66 0 0 0 0 0 0 488 0 0 0 0 962 0 0 0 0 0 0 0 0 377 474 0 0 0 662 0 0 0 0 4 1254 0 0 0 0 0
0 0 0 0 0 0 0 0 0 0 0 0 0 0 632 0 7 0 0 0 0 0 0 0 0 32 223 0 0 0 0 897 0 653 0 0 590 0 819 679 0 429 0 0 0 0 0 642 287 860 399 0 73 0 0 0 0 0 0 754 0 0 0 962 0 0 0 0 0 0 0 0 0 619 494 0 0 0 772 0 0 0 0 12 1074 0 0 0 0 0
0 0 0 0 0 0 0 0 0 0 0 0 0 0 0 0 0 0 0 0 0 0 0 0 0 0 0 0 0 0 0 0 0 0 0 0 0 0 0 0 0 0 0 0 0 0 0 0 0 0 0 0 0 0 0 0 0 0 0 0 0 0 0 0 0 0 0 0 0 0 0 0 0 0 0 0 0 0 0 0 0 0 0 0 0 0 0 0 0 0
1186 503 848 0 741 1541 295 672 817 490 301 1122 510 1297 0 800 410 1816 1627 1156 452 436 0 26 434 245 0 437 729 1256 328 0 524 0 0 670 0 0 0 0 883 0 1437 1354 639 390 1047 0 0 0 0 0 0 432 917 1859 354 0 656 188 829 360 1204 0 0 0 0 0 327 700 205 2037 324 0 0 184 372 0 0 277 183 193 1510 113 0 665 133 445 508 0
0 0 0 0 0 0 0 0 0 0 0 0 0 0 7 0 0 0 0 0 0 0 0 0 0 1 4 0 0 0 0 7 0 0 0 0 0 0 1 2 0 0 1 0 0 0 0 0 1 0 5 0 0 0 0 0 0 0 0 0 0 0 0 0 0 0 0 0 81 29 53 147 67 0 1 57 83 0 0 643 18 289 98 8 0 214 86 128 101 5
438 89 218 0 199 377 221 47 227 113 118 282 88 555 0 278 157 502 613 514 173 263 1 12 241 236 0 129 844 324 129 0 120 0 0 133 0 0 0 0 264 0 172 368 111 59 359 0 0 0 0 0 0 187 234 206 90 0 127 74 198 75 77 0 0 0 327 81 0 124 97 854 85 0 0 310 126 0 0 178 14 74 176 2 0 175 54 312 129 0
167 251 381 0 305 341 97 500 30 229 215 325 147 246 0 276 107 556 544 686 244 380 0 0 50 188 0 120 315 576 194 0 82 0 0 343 0 0 0 0 197 0 740 797 531 212 154 0 0 0 0 0 0 70 455 804 262 0 213 71 279 226 575 0 0 0 700 29 124 0 0 858 84 0 0 163 204 0 0 75 56 65 781 6 0 165 42 53 345 0
360 0 5 0 108 347 96 0 152 0 0 219 45 412 0 185 97 239 233 44 46 7 0 17 1 38 0 108 57 166 0 0 100 0 0 0 0 0 0 0 115 0 0 0 72 4 274 0 0 0 0 0 0 78 0 203 0 0 4 44 108 0 0 0 0 0 205 53 97 0 0 474 84 0 0 5 1 0 0 104 0 47 0 0 0 100 6 27 0 0
1381 527 756 0 809 1563 600 506 759 439 292 1089 402 1967 41 1063 478 1777 1557 1293 367 660 0 27 534 360 0 432 1560 1230 392 0 544 0 0 573 0 0 0 0 906 0 788 1105 597 297 1467 0 0 0 0 0 0 436 696 1934 273 0 451 214 750 322 809 0 0 0 2037 147 854 858 474 0 329 0 3 464 439 0 0 433 176 236 1010 5 0 784 141 557 465 0
480 127 226 0 168 550 81 19 51 198 49 138 256 467 0 190 93 198 234 237 119 144 0 13 133 19 0 151 81 225 0 0 143 0 0 147 0 0 0 0 184 0 129 124 105 109 413 0 0 0 0 0 0 259 243 246 3 0 148 42 169 80 18 0 0 0 324 67 85 84 84 329 0 0 0 7 86 0 0 109 28 100 200 4 0 298 30 133 52 0
0 0 0 0 0 0 0 0 0 0 0 0 0 0 450 0 1 0 0 0 0 0 0 0 0 7 259 0 0 0 0 474 0 445 0 0 443 0 389 420 0 326 0 0 0 0 0 505 168 431 436 0 51 0 0 0 0 0 0 260 0 0 0 377 619 0 0 0 0 0 0 0 0 0 447 0 0 0 571 0 0 0 0 21 590 0 0 0 0 0
0 0 0 0 0 0 0 0 0 0 0 0 0 0 772 0 9 0 0 0 0 0 0 0 0 5 113 0 0 0 0 215 0 836 0 0 1118 0 893 385 0 488 0 0 0 0 0 628 97 425 510 0 79 0 0 0 0 0 0 1280 0 0 0 474 494 0 0 1 0 0 0 3 0 447 0 0 0 0 1734 0 0 0 0 0 881 0 0 0 0 0
66 101 108 0 67 60 179 39 86 27 97 93 91 83 0 134 49 163 194 414 177 167 0 5 117 192 0 33 613 138 150 0 25 0 0 32 0 0 0 0 80 0 150 339 85 40 31 0 0 0 0 0 0 51 104 101 54 0 40 17 72 42 62 0 0 0 184 57 310 163 5 464 7 0 0 0 107 0 0 34 33 30 110 4 0 60 22 51 122 0
328 176 2350 0 277 227 107 133 178 231 115 243 158 433 0 360 163 458 501 405 131 345 0 0 261 85 0 182 200 347 71 0 73 0 0 181 0 0 0 0 244 0 226 333 281 203 250 0 0 0 0 0 0 241 307 364 86 0 180 54 244 144 189 0 0 0 372 83 126 204 1 439 86 0 0 107 0 0 0 97 28 180 297 4 0 283 178 250 61 0
0 0 0 0 0 0 0 0 0 0 0 0 0 0 0 0 0 0 0 0 0 0 0 0 0 0 0 0 0 0 0 0 0 0 0 0 0 0 0 0 0 0 0 0 0 0 0 0 0 0 0 0 0 0 0 0 0 0 0 0 0 0 0 0 0 0 0 0 0 0 0 0 0 0 0 0 0 0 0 0 0 0 0 0 0 0 0 0 0 0
0 0 0 0 0 2 0 3 0 0 0 0 0 1 2659 1 20 6 1 0 1 0 0 0 0 17 402 0 3 6 1 425 0 1131 0 0 1610 0 1132 469 1 686 0 0 0 1 0 858 178 572 1037 0 111 0 2 0 2 0 0 1865 1 0 0 662 772 0 0 0 0 0 0 0 0 571 1734 0 0 0 0 0 0 0 0 0 1191 0 0 1 3 0
457 92 154 0 231 455 140 73 333 59 34 375 62 610 0 309 126 678 588 226 65 89 1 22 67 80 0 158 182 287 17 0 150 0 0 34 0 0 0 0 329 0 58 92 130 68 530 0 0 0 0 0 0 128 469 313 44 0 126 64 254 31 59 0 0 0 277 643 178 75 104 433 109 0 0 34 97 0 0 0 3 353 101 0 0 220 28 12246 52 0
134 64 133 0 53 75 34 59 45 2 38 91 12 3 0 63 19 99 125 77 110 21 0 0 0 50 0 52 58 180 66 0 48 0 0 10 0 0 0 0 47 0 267 61 119 51 0 0 0 0 0 0 0 1 193 196 88 0 1 3 218 23 152 0 0 0 183 18 14 56 0 176 28 0 0 33 28 0 0 3 0 2 247 6 0 3 20 47 103 0
432 168 272 0 239 376 51 0 71 132 55 242 158 528 0 205 91 319 501 314 80 215 0 10 149 52 0 117 82 280 17 0 95 0 0 123 0 0 0 0 375 0 62 140 187 78 391 0 0 0 0 0 0 236 346 212 11 0 176 53 114 211 137 0 0 0 193 289 74 65 47 236 100 0 0 30 180 0 0 353 2 0 119 0 0 161 117 190 24 0
566 423 775 0 516 897 157 640 335 631 316 603 349 817 0 466 250 809 1093 976 472 369 0 0 222 217 0 249 322 1165 254 0 126 0 0 1017 0 0 0 0 596 0 1475 1205 613 405 487 0 0 0 0 0 0 302 901 1587 393 0 428 121 602 545 1417 0 0 0 1510 98 176 781 0 1010 200 0 0 110 297 0 0 101 247 119 0 103 0 365 126 206 567 0
9 14 47 0 41 62 8 60 39 0 15 39 36 5 4 17 17 34 71 68 31 12 0 0 0 20 0 10 16 58 31 7 15 40 0 4 0 0 0 9 58 0 128 51 47 14 7 45 0 0 0 0 0 4 102 43 26 0 4 0 22 25 27 4 12 0 113 8 2 6 0 5 4 21 0 4 4 0 0 0 6 0 103 0 5 1 9 4 41 0
0 0 0 0 0 0 0 0 0 0 0 0 0 0 1704 0 29 0 0 0 0 0 0 0 0 42 578 0 0 0 0 1458 0 672 0 0 710 0 999 1860 0 462 0 0 0 0 0 560 844 980 1504 0 167 0 0 0 0 0 0 1092 0 0 0 1254 1074 0 0 0 0 0 0 0 0 590 881 0 0 0 1191 0 0 0 0 5 0 0 0 0 0 0
749 242 542 0 514 712 163 13 319 408 98 462 312 1098 0 470 225 828 835 497 163 308 3 14 316 115 0 259 247 487 38 0 242 0 0 356 0 0 0 0 424 0 280 300 239 245 886 0 0 0 0 0 0 348 486 645 26 0 308 131 345 245 260 0 0 0 665 214 175 165 100 784 298 0 0 60 283 0 0 220 3 161 365 1 0 0 146 316 67 0
376 75 325 0 229 241 53 105 179 117 108 288 127 416 0 173 133 309 529 375 134 104 0 2 175 73 0 131 124 280 63 0 53 0 0 116 0 0 0 0 146 0 66 156 127 124 186 0 0 0 0 0 0 133 243 206 62 0 167 26 167 176 78 0 0 0 133 86 54 42 6 141 30 0 0 22 178 0 0 28 20 117 126 9 0 146 0 160 56 26
874 252 384 0 393 516 171 50 355 155 104 383 158 919 0 377 206 882 993 436 155 219 1 26 367 91 0 224 262 402 17 0 170 0 0 236 0 0 0 0 395 0 86 230 256 178 612 0 0 0 0 0 0 288 331 536 31 0 327 92 316 208 95 0 0 0 445 128 312 53 27 557 133 0 0 51 250 0 1 12246 47 190 206 4 0 316 160 0 45 0
131 224 375 0 342 419 119 399 280 62 177 433 154 101 0 291 143 593 575 571 263 154 0 0 32 187 0 211 354 565 344 0 139 0 0 84 0 0 0 0 212 0 538 484 208 206 56 0 0 0 0 0 0 69 488 476 304 0 233 22 365 71 550 0 0 0 508 101 129 345 0 465 52 0 0 122 61 0 3 52 103 24 567 41 0 67 56 45 0 13
264 38 95 0 146 46 18 104 195 0 46 68 10 139 0 38 30 99 143 73 50 1 0 0 0 64 0 20 42 65 95 0 12 0 0 0 0 0 0 0 0 0 0 0 0 8 0 0 0 0 0 0 0 0 2 0 10 0 0 0 4 0 0 0 0 0 0 5 0 0 0 0 0 0 0 0 0 0 0 0 0 0 0 0 0 0 26 0 13 0
